[[0.00009052]-->0
 [0.99996497]-->1
 [0.00009066]-->0
 [0.00009065]-->0
 [0.99996496]-->1
 [0.00009053]...
 [0.0001419 ]
 [0.00009053]
 [0.99996497]
 [0.99996497]
 [0.99996496]
 [0.99996493]
 [0.00009053]
 [0.00009074]
 [0.00009279]
 [0.99996497]
 [0.00009052]
 [0.00009076]
 [0.99996497]
 [0.00036564]
 [0.00009062]
 [0.00009053]
 [0.00009189]
 [0.99996497]
 [0.99996495]
 [0.00009053]
 [0.99996497]
 [0.00010489]
 [0.99996497]
 [0.99996493]
 [0.00009106]
 [0.00009058]
 [0.99996497]
 [0.00009054]
 [0.00009387]
 [0.99996497]
 [0.000091  ]
 [0.0000983 ]
 [0.99996476]
 [0.99996497]
 [0.0000906 ]
 [0.00009055]
 [0.99996497]
 [0.00009063]
 [0.00009131]
 [0.00009052]
 [0.99996494]
 [0.99996496]
 [0.99996497]
 [0.00009051]
 [0.99996472]
 [0.99994734]
 [0.00009056]
 [0.99996497]
 [0.99996497]
 [0.000095  ]
 [0.00009051]
 [0.99996497]
 [0.00009094]
 [0.00009061]
 [0.99995616]
 [0.00009097]
 [0.00009053]
 [0.99995974]
 [0.00009188]
 [0.99996493]
 [0.00022229]
 [0.99996497]
 [0.99996361]
 [0.0000913 ]
 [0.99996497]
 [0.99996497]
 [0.0000907 ]
 [0.99996497]
 [0.00009105]
 [0.0000918 ]
 [0.00009113]
 [0.99996496]
 [0.99996497]
 [0.00009148]
 [0.00009052]
 [0.99996497]
 [0.99996497]
 [0.99996497]
 [0.00009064]
 [0.99962658]
 [0.99996497]
 [0.99996347]
 [0.00009091]
 [0.99996496]
 [0.99996497]
 [0.99996497]
 [0.99996494]
 [0.00009218]
 [0.00009499]
 [0.00009106]
 [0.0000972 ]
 [0.99996493]
 [0.99996497]
 [0.99996495]]
